t == time
p == position as (x, y)
w == width
h == height
c == color as (r, g, b)
t pos w h color -> t pos w h color
----------------------------------
Rectangle R:
0.5 (200.0, 200.0) 50.0 100.0 (1.0, 0.0, 0.0) -> 5.0 (200.0, 200.0) 50.0 100.0 (1.0, 0.0, 0.0)
5.0 (200.0, 200.0) 50.0 100.0 (1.0, 0.0, 0.0) -> 25.0 (300.0, 300.0) 50.0 100.0 (1.0, 0.0, 0.0)
25.0 (300.0, 300.0) 50.0 100.0 (1.0, 0.0, 0.0) -> 25.5 (300.0, 300.0) 50.0 100.0 (1.0, 0.0, 0.0)
25.5 (300.0, 300.0) 50.0 100.0 (1.0, 0.0, 0.0) -> 35.0 (300.0, 300.0) 25.0 100.0 (1.0, 0.0, 0.0)
35.0 (300.0, 300.0) 25.0 100.0 (1.0, 0.0, 0.0) -> 50.0 (200.0, 200.0) 25.0 100.0 (1.0, 0.0, 0.0)

Ellipse C:
3.0 (440.0, 70.0) 120.0 60.0 (0.0, 0.0, 1.0) -> 10.0 (440.0, 70.0) 120.0 60.0 (0.0, 0.0, 1.0)
10.0 (440.0, 70.0) 120.0 60.0 (0.0, 0.0, 1.0) -> 25.0 (440.0, 250.0) 120.0 60.0 (0.0, 0.0, 1.0)
25.0 (440.0, 250.0) 120.0 60.0 (0.0, 0.0, 1.0) -> 35.0 (440.0, 370.0) 120.0 60.0 (0.0, 0.6666667, 0.3333333)
35.0 (440.0, 370.0) 120.0 60.0 (0.0, 0.6666667, 0.3333333) -> 40.0 (440.0, 370.0) 120.0 60.0 (0.0, 1.0, 0.0)

